0 438
1 303
2 494
3 460
4 388
5 464
6 633
7 757
8 668
9 589
10 465
11 504
12 413
13 430
14 459
15 573
16 534
17 673
18 629
19 552
20 509
21 528
22 717
23 639
24 508
25 592
26 648
27 585
28 368
29 456
30 405
31 495
32 470
33 499
34 498
35 593
36 543
37 373
38 351
39 295
40 300
41 590
42 438
43 349
44 304
45 493
46 469
47 446
48 451
49 469
50 418
51 417
52 477
53 332
54 367
55 331
56 319
57 305
58 667
59 438
60 414
61 551
62 470
63 342
64 337
65 462
66 480
67 512
68 540
69 562
70 322
71 317
72 376
73 345
74 309
75 405
76 519
77 603
78 760
79 1427
80 1673
81 1994
82 2306
83 2153
84 2160
85 2169
86 1846
87 1625
88 1495
89 1404
90 1544
91 1176
92 1496
93 1300
94 1580
95 1475
96 1067
97 732
98 722
99 505
100 167
