0 67.650685
1 68.653465
2 71.939271
3 72.730435
4 73.961340
5 75.734914
6 76.227488
7 76.606341
8 77.896707
9 79.125637
10 80.137634
11 80.176587
12 81.861985
13 84.195349
14 84.496732
15 84.155323
16 85.134831
17 85.720654
18 86.537361
19 88.402174
20 89.347741
21 90.857955
22 91.051604
23 91.579030
24 93.208661
25 94.233108
26 94.387346
27 95.432479
28 96.861413
29 96.910088
30 97.555556
31 98.800000
32 98.746809
33 100.817635
34 101.078313
35 101.910624
36 103.248619
37 104.793566
38 105.575499
39 107.491525
40 110.230000
41 111.033898
42 111.002283
43 110.681948
44 111.815789
45 115.673428
46 118.343284
47 120.540359
48 122.011086
49 123.206823
50 126.215311
51 128.899281
52 130.406709
53 130.762048
54 131.544959
55 133.619335
56 134.094044
57 135.252459
58 135.320840
59 137.710046
60 138.437198
61 140.669691
62 144.497872
63 147.081871
64 149.382789
65 148.385281
66 152.020833
67 152.855469
68 155.207407
69 157.295374
70 159.055901
71 159.924290
72 161.109043
73 161.843478
74 163.423948
75 163.041975
76 163.921002
77 166.411277
78 167.475000
79 168.709180
80 168.774059
81 170.894684
82 171.390720
83 172.024617
84 172.275926
85 174.043338
86 175.369989
87 176.612923
88 176.845485
89 178.407407
90 178.579016
91 180.189626
92 180.649733
93 182.279231
94 183.513924
95 185.292203
96 186.422680
97 187.172131
98 187.426593
99 186.807921
100 191.221557
